Date,,A,B,C
2015/1/30,A,0.9999999999999994,0.9487909461593301,0.8948947973862016
2015/1/30,B,0.9487909461593301,0.9999999999999994,0.9514598081252555
2015/1/30,C,0.8948947973862016,0.9514598081252555,1.0
2015/2/2,A,0.9999999999999999,0.9649870682553235,0.9397636908217045
2015/2/2,B,0.9649870682553235,0.9999999999999998,0.9722799641371827
2015/2/2,C,0.9397636908217045,0.9722799641371827,1.0
2015/2/3,A,0.9999999999999997,0.963540632824451,0.9376404839548732
2015/2/3,B,0.963540632824451,1.0000000000000004,0.9731290352389297
2015/2/3,C,0.9376404839548732,0.9731290352389297,1.0
2015/2/4,A,0.9999999999999997,0.9620684554521405,0.9375029616608953
2015/2/4,B,0.9620684554521405,1.0,0.9755065585163982
2015/2/4,C,0.9375029616608953,0.9755065585163982,1.0
2015/2/5,A,0.9999999999999998,0.956338880819711,0.9299100546819609
2015/2/5,B,0.956338880819711,1.0000000000000002,0.9726668778265586
2015/2/5,C,0.9299100546819609,0.9726668778265586,0.9999999999999997
2015/2/6,A,0.9999999999999999,0.96034205959901,0.93461290014868
2015/2/6,B,0.96034205959901,1.0000000000000007,0.9739177532415134
2015/2/6,C,0.93461290014868,0.9739177532415134,1.0000000000000002
2015/2/9,A,0.9999999999999999,0.9621183658875085,0.9341549636721608
2015/2/9,B,0.9621183658875085,1.0,0.9726666539516993
2015/2/9,C,0.9341549636721608,0.9726666539516993,1.0
2015/2/10,A,0.9999999999999997,0.9694146877132301,0.9342881967918681
2015/2/10,B,0.9694146877132301,1.0,0.9739356427592997
2015/2/10,C,0.9342881967918681,0.9739356427592997,0.9999999999999997
2015/2/11,A,0.9999999999999999,0.9690076273737994,0.9348850417558386
2015/2/11,B,0.9690076273737994,1.0000000000000002,0.9802528288114492
2015/2/11,C,0.9348850417558386,0.9802528288114492,0.9999999999999999
2015/2/12,A,0.9999999999999996,0.968794083254405,0.9446545181762782
2015/2/12,B,0.968794083254405,1.0000000000000002,0.9872142095729242
2015/2/12,C,0.9446545181762782,0.9872142095729242,1.0000000000000002
2015/2/13,A,1.0000000000000002,0.9708090583674975,0.947825243566033
2015/2/13,B,0.9708090583674975,1.0000000000000004,0.9881913629812568
2015/2/13,C,0.947825243566033,0.9881913629812568,0.9999999999999999
2015/2/17,A,1.0,0.9708243941395435,0.9478286602718936
2015/2/17,B,0.9708243941395435,1.0000000000000002,0.9881967369536839
2015/2/17,C,0.9478286602718936,0.9881967369536839,1.0
2015/2/18,A,0.9999999999999999,0.9716149519607169,0.9499406921859699
2015/2/18,B,0.9716149519607169,1.0000000000000004,0.988047543210387
2015/2/18,C,0.9499406921859699,0.988047543210387,1.0
2015/2/19,A,0.9999999999999998,0.9716607786459894,0.9526672716050857
2015/2/19,B,0.9716607786459894,1.0000000000000004,0.9873555384416804
2015/2/19,C,0.9526672716050857,0.9873555384416804,1.0
2015/2/20,A,0.9999999999999994,0.9779153392819009,0.9649368262870327
2015/2/20,B,0.9779153392819009,1.0000000000000007,0.9886201413541752
2015/2/20,C,0.9649368262870327,0.9886201413541752,1.0
2015/2/23,A,0.9999999999999998,0.9776877164371661,0.9635155893750605
2015/2/23,B,0.9776877164371661,1.0000000000000004,0.988375768914226
2015/2/23,C,0.9635155893750605,0.988375768914226,1.0
2015/2/24,A,0.9999999999999999,0.9767124338028287,0.9639856704230103
2015/2/24,B,0.9767124338028287,1.0000000000000004,0.9888848668861455
2015/2/24,C,0.9639856704230103,0.9888848668861455,1.0
2015/2/25,A,1.0,0.9788876055680039,0.9709835624248652
2015/2/25,B,0.9788876055680039,1.0000000000000004,0.9903455409309065
2015/2/25,C,0.9709835624248652,0.9903455409309065,1.0000000000000002
2015/2/26,A,0.9999999999999999,0.9832064105200564,0.9800473551765259
2015/2/26,B,0.9832064105200564,1.0000000000000002,0.9907398649651127
2015/2/26,C,0.9800473551765259,0.9907398649651127,1.0
2015/2/27,A,0.9999999999999999,0.9845485416596753,0.9829401069829515
2015/2/27,B,0.9845485416596753,1.0000000000000004,0.9910503649223265
2015/2/27,C,0.9829401069829515,0.9910503649223265,1.0000000000000002
2015/3/2,A,0.9999999999999999,0.985595629650227,0.9827697682323029
2015/3/2,B,0.985595629650227,1.0000000000000007,0.9913086294241854
2015/3/2,C,0.9827697682323029,0.9913086294241854,1.0000000000000002
2015/3/3,A,1.0000000000000002,0.9834383149650894,0.9739467837810432
2015/3/3,B,0.9834383149650894,1.0000000000000004,0.9864956174706155
2015/3/3,C,0.9739467837810432,0.9864956174706155,1.0
2015/3/4,A,0.9999999999999999,0.9858758342865941,0.9781808079457476
2015/3/4,B,0.9858758342865941,1.0000000000000004,0.9875588549126524
2015/3/4,C,0.9781808079457476,0.9875588549126524,1.0000000000000002
2015/3/5,A,1.0000000000000002,0.9890687127992112,0.9835518618225957
2015/3/5,B,0.9890687127992112,1.0000000000000004,0.9867732063030606
2015/3/5,C,0.9835518618225957,0.9867732063030606,1.0
2015/3/6,A,0.9999999999999998,0.9902843850214168,0.9855539620909508
2015/3/6,B,0.9902843850214168,1.0000000000000002,0.9879050697572336
2015/3/6,C,0.9855539620909508,0.9879050697572336,0.9999999999999997
2015/3/9,A,0.9999999999999998,0.986249175234453,0.9669795749703525
2015/3/9,B,0.986249175234453,1.0000000000000007,0.9810648003859324
2015/3/9,C,0.9669795749703525,0.9810648003859324,0.9999999999999999
2015/3/10,A,1.0,0.9851606046542571,0.9651643448810373
2015/3/10,B,0.9851606046542571,1.0000000000000007,0.9802961473290173
2015/3/10,C,0.9651643448810373,0.9802961473290173,1.0
2015/3/11,A,0.9999999999999996,0.9864094004393403,0.9652928500394901
2015/3/11,B,0.9864094004393403,1.0000000000000007,0.9803726096611061
2015/3/11,C,0.9652928500394901,0.9803726096611061,1.0000000000000002
2015/3/12,A,1.0,0.9885045070738955,0.9679294592846382
2015/3/12,B,0.9885045070738955,1.0000000000000007,0.9807999064519496
2015/3/12,C,0.9679294592846382,0.9807999064519496,0.9999999999999998
2015/3/13,A,0.9999999999999998,0.9895568310118313,0.9707713323024436
2015/3/13,B,0.9895568310118313,1.0000000000000007,0.981363289520765
2015/3/13,C,0.9707713323024436,0.981363289520765,0.9999999999999998
2015/3/16,A,0.9999999999999999,0.9843686120968144,0.9610835443290815
2015/3/16,B,0.9843686120968144,1.0000000000000007,0.9787250628210089
2015/3/16,C,0.9610835443290815,0.9787250628210089,1.0
2015/3/17,A,0.9999999999999997,0.9823811414037564,0.9531533463924915
2015/3/17,B,0.9823811414037564,1.0000000000000007,0.9773283912754162
2015/3/17,C,0.9531533463924915,0.9773283912754162,0.9999999999999999
2015/3/18,A,0.9999999999999997,0.9824824750592484,0.9468509038012768
2015/3/18,B,0.9824824750592484,1.0000000000000007,0.9723356831836063
2015/3/18,C,0.9468509038012768,0.9723356831836063,1.0
2015/3/19,A,0.9999999999999997,0.9832948450296284,0.9458595356753888
2015/3/19,B,0.9832948450296284,1.0000000000000007,0.9734293129879307
2015/3/19,C,0.9458595356753888,0.9734293129879307,0.9999999999999999
2015/3/20,A,0.9999999999999994,0.9821012746818164,0.9383158328050816
2015/3/20,B,0.9821012746818164,1.0000000000000007,0.9704948564907879
2015/3/20,C,0.9383158328050816,0.9704948564907879,0.9999999999999997
2015/3/23,A,0.9999999999999998,0.9818308827682074,0.9418120142115676
2015/3/23,B,0.9818308827682074,1.0000000000000007,0.9718243874237723
2015/3/23,C,0.9418120142115676,0.9718243874237723,0.9999999999999997
2015/3/24,A,0.9999999999999997,0.9817348319643221,0.9413954016077001
2015/3/24,B,0.9817348319643221,1.0000000000000007,0.9722309973359552
2015/3/24,C,0.9413954016077001,0.9722309973359552,0.9999999999999999
2015/3/25,A,0.9999999999999997,0.9800380426174449,0.9334702598263612
2015/3/25,B,0.9800380426174449,1.0000000000000004,0.9676472974195232
2015/3/25,C,0.9334702598263612,0.9676472974195232,1.0
2015/3/26,A,0.9999999999999996,0.9774346360333939,0.9212944321864235
2015/3/26,B,0.9774346360333939,1.0000000000000007,0.9613875850918341
2015/3/26,C,0.9212944321864235,0.9613875850918341,1.0
2015/3/27,A,0.9999999999999998,0.976907922303925,0.9215618910252418
2015/3/27,B,0.976907922303925,1.0000000000000007,0.9613404091343762
2015/3/27,C,0.9215618910252418,0.9613404091343762,0.9999999999999999
2015/3/30,A,0.9999999999999998,0.9818944878117368,0.9211525901403953
2015/3/30,B,0.9818944878117368,1.0000000000000009,0.9651439271707833
2015/3/30,C,0.9211525901403953,0.9651439271707833,1.0
2015/3/31,A,0.9999999999999996,0.9811311455727888,0.9235555946039168
2015/3/31,B,0.9811311455727888,1.0000000000000009,0.9667852396115927
2015/3/31,C,0.9235555946039168,0.9667852396115927,0.9999999999999998
2015/4/1,A,1.0,0.9801815355512238,0.9161255189145346
2015/4/1,B,0.9801815355512238,1.0000000000000007,0.9626542044561687
2015/4/1,C,0.9161255189145346,0.9626542044561687,0.9999999999999998
2015/4/2,A,1.0,0.977525871225836,0.9095600314456892
2015/4/2,B,0.977525871225836,1.0000000000000007,0.9599642780523165
2015/4/2,C,0.9095600314456892,0.9599642780523165,0.9999999999999999
2015/4/6,A,0.9999999999999998,0.968986168536421,0.8802922649130488
2015/4/6,B,0.968986168536421,1.000000000000001,0.9474741835578478
2015/4/6,C,0.8802922649130488,0.9474741835578478,0.9999999999999999
2015/4/7,A,0.9999999999999997,0.9792203728790696,0.9185712019261715
2015/4/7,B,0.9792203728790696,1.000000000000001,0.9562615844132987
2015/4/7,C,0.9185712019261715,0.9562615844132987,0.9999999999999998
2015/4/8,A,0.9999999999999997,0.9768392338542987,0.9182919135725037
2015/4/8,B,0.9768392338542987,1.000000000000001,0.9560788339211761
2015/4/8,C,0.9182919135725037,0.9560788339211761,0.9999999999999998
2015/4/9,A,0.9999999999999997,0.9790020096729581,0.9305646209905507
2015/4/9,B,0.9790020096729581,1.0000000000000009,0.9597647710716934
2015/4/9,C,0.9305646209905507,0.9597647710716934,0.9999999999999997
2015/4/10,A,0.9999999999999997,0.9785951665545125,0.9269768847736332
2015/4/10,B,0.9785951665545125,1.0000000000000013,0.9543237038735966
2015/4/10,C,0.9269768847736332,0.9543237038735966,0.9999999999999998
2015/4/13,A,0.9999999999999994,0.9760073468651714,0.9148769989919108
2015/4/13,B,0.9760073468651714,1.000000000000001,0.944373846725203
2015/4/13,C,0.9148769989919108,0.944373846725203,0.9999999999999993
2015/4/14,A,0.9999999999999994,0.9809310778281265,0.9238094591561945
2015/4/14,B,0.9809310778281265,1.0000000000000013,0.9442106058350757
2015/4/14,C,0.9238094591561945,0.9442106058350757,0.9999999999999996
2015/4/15,A,0.9999999999999997,0.9859906229129848,0.9455818694100233
2015/4/15,B,0.9859906229129848,1.000000000000001,0.9522749340756916
2015/4/15,C,0.9455818694100233,0.9522749340756916,0.9999999999999997
2015/4/16,A,0.9999999999999998,0.9852741020157694,0.9573440985731715
2015/4/16,B,0.9852741020157694,1.000000000000001,0.9639471866357812
2015/4/16,C,0.9573440985731715,0.9639471866357812,0.9999999999999994
2015/4/17,A,0.9999999999999997,0.9889792151306112,0.9663305895126368
2015/4/17,B,0.9889792151306112,1.000000000000001,0.9712394030017977
2015/4/17,C,0.9663305895126368,0.9712394030017977,0.9999999999999997
2015/4/20,A,0.9999999999999997,0.989025564355256,0.9663748371911421
2015/4/20,B,0.989025564355256,1.000000000000001,0.9691349033395474
2015/4/20,C,0.9663748371911421,0.9691349033395474,1.0
2015/4/21,A,0.9999999999999999,0.9897689426779457,0.9610989234871254
2015/4/21,B,0.9897689426779457,1.0000000000000009,0.9663070948970117
2015/4/21,C,0.9610989234871254,0.9663070948970117,0.9999999999999998
2015/4/22,A,0.9999999999999999,0.9911876651766572,0.9601424530565497
2015/4/22,B,0.9911876651766572,1.0000000000000009,0.9647054242438787
2015/4/22,C,0.9601424530565497,0.9647054242438787,0.9999999999999996
2015/4/23,A,0.9999999999999999,0.986422415401365,0.9558278477433996
2015/4/23,B,0.986422415401365,1.000000000000001,0.9653709483579446
2015/4/23,C,0.9558278477433996,0.9653709483579446,0.9999999999999996
2015/4/24,A,0.9999999999999999,0.9858841741927561,0.9557611064724943
2015/4/24,B,0.9858841741927561,1.000000000000001,0.9656485815070803
2015/4/24,C,0.9557611064724943,0.9656485815070803,0.9999999999999996
2015/4/27,A,0.9999999999999999,0.9828823638296946,0.9558685149358168
2015/4/27,B,0.9828823638296946,1.000000000000001,0.9603730874833916
2015/4/27,C,0.9558685149358168,0.9603730874833916,0.9999999999999999
2015/4/28,A,0.9999999999999999,0.9825970260750073,0.9576105217032472
2015/4/28,B,0.9825970260750073,1.0000000000000009,0.9627145883848355
2015/4/28,C,0.9576105217032472,0.9627145883848355,0.9999999999999999
2015/4/29,A,0.9999999999999997,0.9829713859789845,0.963759752879468
2015/4/29,B,0.9829713859789845,1.000000000000001,0.9630886299164982
2015/4/29,C,0.963759752879468,0.9630886299164982,0.9999999999999999
2015/4/30,A,0.9999999999999999,0.9849437697583812,0.9508711998384892
2015/4/30,B,0.9849437697583812,1.0000000000000009,0.9536375232864691
2015/4/30,C,0.9508711998384892,0.9536375232864691,0.9999999999999999
2015/5/1,A,0.9999999999999998,0.9851031514416201,0.9580022639711171
2015/5/1,B,0.9851031514416201,1.0000000000000007,0.9628502899670746
2015/5/1,C,0.9580022639711171,0.9628502899670746,0.9999999999999998
2015/5/4,A,0.9999999999999997,0.9848048901326302,0.9503612153488536
2015/5/4,B,0.9848048901326302,1.0000000000000009,0.9532452199827945
2015/5/4,C,0.9503612153488536,0.9532452199827945,0.9999999999999998
2015/5/5,A,0.9999999999999996,0.9880076899688324,0.9610372922018603
2015/5/5,B,0.9880076899688324,1.0000000000000009,0.9620333394904912
2015/5/5,C,0.9610372922018603,0.9620333394904912,0.9999999999999998
2015/5/6,A,0.9999999999999999,0.9910110582357511,0.968672573655195
2015/5/6,B,0.9910110582357511,1.0000000000000004,0.9692275102925466
2015/5/6,C,0.968672573655195,0.9692275102925466,1.0
2015/5/7,A,0.9999999999999998,0.990743421211515,0.9553759745024142
2015/5/7,B,0.990743421211515,1.0000000000000004,0.9641733454941696
2015/5/7,C,0.9553759745024142,0.9641733454941696,0.9999999999999994
2015/5/8,A,1.0,0.9872170344654135,0.9426304006030966
2015/5/8,B,0.9872170344654135,1.0000000000000004,0.9612950163341831
2015/5/8,C,0.9426304006030966,0.9612950163341831,0.9999999999999998
2015/5/11,A,0.9999999999999998,0.9855749367236459,0.9449436605821705
2015/5/11,B,0.9855749367236459,1.0000000000000007,0.9634173940641675
2015/5/11,C,0.9449436605821705,0.9634173940641675,0.9999999999999998
2015/5/12,A,1.0,0.9846624680819912,0.9339407760632128
2015/5/12,B,0.9846624680819912,1.0000000000000007,0.9640257374994907
2015/5/12,C,0.9339407760632128,0.9640257374994907,0.9999999999999998
2015/5/13,A,0.9999999999999998,0.9841933218845502,0.9326546139112047
2015/5/13,B,0.9841933218845502,1.0000000000000002,0.9624660942129081
2015/5/13,C,0.9326546139112047,0.9624660942129081,0.9999999999999997
2015/5/14,A,1.0,0.9852965675716174,0.9245761746864609
2015/5/14,B,0.9852965675716174,1.0000000000000004,0.9576831258758426
2015/5/14,C,0.9245761746864609,0.9576831258758426,1.0
2015/5/15,A,0.9999999999999998,0.9839172468561131,0.9166501199909222
2015/5/15,B,0.9839172468561131,1.0000000000000002,0.9544862855564311
2015/5/15,C,0.9166501199909222,0.9544862855564311,1.0000000000000002
2015/5/18,A,0.9999999999999994,0.982876823177074,0.9089490506811893
2015/5/18,B,0.982876823177074,1.0000000000000002,0.9502394808026622
2015/5/18,C,0.9089490506811893,0.9502394808026622,0.9999999999999998
2015/5/19,A,0.9999999999999997,0.9831556025308991,0.9125754195585366
2015/5/19,B,0.9831556025308991,1.0000000000000004,0.9508048998128859
2015/5/19,C,0.9125754195585366,0.9508048998128859,1.0
2015/5/20,A,0.9999999999999997,0.9828720779004121,0.910349110034364
2015/5/20,B,0.9828720779004121,1.0000000000000002,0.9501539083427266
2015/5/20,C,0.910349110034364,0.9501539083427266,1.0000000000000002
2015/5/21,A,0.9999999999999994,0.9830247542193711,0.9069187920829179
2015/5/21,B,0.9830247542193711,1.0000000000000004,0.947974989766836
2015/5/21,C,0.9069187920829179,0.947974989766836,1.0000000000000002
2015/5/22,A,0.9999999999999989,0.9837895275276514,0.9153639062723612
2015/5/22,B,0.9837895275276514,1.0000000000000002,0.9524668190936724
2015/5/22,C,0.9153639062723612,0.9524668190936724,0.9999999999999998
2015/5/26,A,0.9999999999999994,0.9839482706697696,0.9132031626679649
2015/5/26,B,0.9839482706697696,1.0,0.9522814697485693
2015/5/26,C,0.9132031626679649,0.9522814697485693,1.0000000000000002
2015/5/27,A,0.9999999999999992,0.9835699259080648,0.9127241126061673
2015/5/27,B,0.9835699259080648,1.0000000000000002,0.9504086249934417
2015/5/27,C,0.9127241126061673,0.9504086249934417,1.0
2015/5/28,A,0.9999999999999998,0.9827101034768637,0.9080441335596795
2015/5/28,B,0.9827101034768637,1.0000000000000002,0.948692427089051
2015/5/28,C,0.9080441335596795,0.948692427089051,0.9999999999999996
2015/5/29,A,0.9999999999999996,0.980182958353592,0.9247310139495495
2015/5/29,B,0.980182958353592,1.0000000000000002,0.9606816807159668
2015/5/29,C,0.9247310139495495,0.9606816807159668,1.0000000000000002
2015/6/1,A,0.9999999999999994,0.9826895455920167,0.9343662529299311
2015/6/1,B,0.9826895455920167,1.0000000000000004,0.9658105294534188
2015/6/1,C,0.9343662529299311,0.9658105294534188,0.9999999999999998
2015/6/2,A,0.9999999999999991,0.9724398560014049,0.9228552404603931
2015/6/2,B,0.9724398560014049,1.0,0.9530146805275139
2015/6/2,C,0.9228552404603931,0.9530146805275139,1.0000000000000004
2015/6/3,A,0.9999999999999991,0.9737785811024045,0.9264973043406697
2015/6/3,B,0.9737785811024045,1.0000000000000002,0.9557532192735188
2015/6/3,C,0.9264973043406697,0.9557532192735188,0.9999999999999996
2015/6/4,A,0.9999999999999997,0.9744705499970452,0.9261805945384565
2015/6/4,B,0.9744705499970452,1.0000000000000007,0.9557765108551428
2015/6/4,C,0.9261805945384565,0.9557765108551428,1.0
2015/6/5,A,0.9999999999999996,0.9763659393340324,0.9357856924995399
2015/6/5,B,0.9763659393340324,1.0000000000000004,0.960068185985789
2015/6/5,C,0.9357856924995399,0.960068185985789,1.0000000000000002
2015/6/8,A,0.9999999999999997,0.977806798541275,0.9461185032100329
2015/6/8,B,0.977806798541275,1.0000000000000004,0.962800574641078
2015/6/8,C,0.9461185032100329,0.962800574641078,1.0
2015/6/9,A,0.9999999999999994,0.9779762862761286,0.9403311764660046
2015/6/9,B,0.9779762862761286,1.0000000000000007,0.9585184606385679
2015/6/9,C,0.9403311764660046,0.9585184606385679,1.0000000000000002
2015/6/10,A,0.9999999999999993,0.9808838015647617,0.9656861351713677
2015/6/10,B,0.9808838015647617,1.0000000000000009,0.9695640279917194
2015/6/10,C,0.9656861351713677,0.9695640279917194,1.0000000000000002
2015/6/11,A,0.9999999999999993,0.9823204015280951,0.9657669274709306
2015/6/11,B,0.9823204015280951,1.0000000000000002,0.9741088431709947
2015/6/11,C,0.9657669274709306,0.9741088431709947,0.9999999999999996
2015/6/12,A,0.9999999999999993,0.9803278212347394,0.9650057508498777
2015/6/12,B,0.9803278212347394,1.0000000000000007,0.9768850396456906
2015/6/12,C,0.9650057508498777,0.9768850396456906,1.0
2015/6/15,A,0.9999999999999997,0.9796390289845687,0.966092856292255
2015/6/15,B,0.9796390289845687,1.000000000000001,0.9814670226298395
2015/6/15,C,0.966092856292255,0.9814670226298395,0.9999999999999997
2015/6/16,A,0.9999999999999997,0.9806306230693838,0.9639071435140717
2015/6/16,B,0.9806306230693838,1.0000000000000004,0.9811595372152212
2015/6/16,C,0.9639071435140717,0.9811595372152212,1.0
2015/6/17,A,0.9999999999999996,0.9788620554252477,0.9643853138128525
2015/6/17,B,0.9788620554252477,1.0000000000000004,0.9777786694472249
2015/6/17,C,0.9643853138128525,0.9777786694472249,0.9999999999999999
2015/6/18,A,0.9999999999999994,0.9786524675875916,0.9626972252797364
2015/6/18,B,0.9786524675875916,1.0,0.9772524729509298
2015/6/18,C,0.9626972252797364,0.9772524729509298,0.9999999999999999
2015/6/19,A,0.9999999999999992,0.9783902401728732,0.9625806333589115
2015/6/19,B,0.9783902401728732,1.0,0.9772193168192084
2015/6/19,C,0.9625806333589115,0.9772193168192084,0.9999999999999997
2015/6/22,A,0.9999999999999997,0.9781836526812153,0.9606327701116525
2015/6/22,B,0.9781836526812153,1.0000000000000002,0.9768265076538927
2015/6/22,C,0.9606327701116525,0.9768265076538927,0.9999999999999996
2015/6/23,A,0.9999999999999993,0.9783715305271219,0.958855510816236
2015/6/23,B,0.9783715305271219,1.0000000000000004,0.9749180963590858
2015/6/23,C,0.958855510816236,0.9749180963590858,0.9999999999999999
2015/6/24,A,0.9999999999999998,0.9780272493937017,0.9573892181025083
2015/6/24,B,0.9780272493937017,1.0,0.9756886122908353
2015/6/24,C,0.9573892181025083,0.9756886122908353,0.9999999999999997
2015/6/25,A,0.9999999999999994,0.9770402511856682,0.9506537589125542
2015/6/25,B,0.9770402511856682,1.0000000000000004,0.9736864719037654
2015/6/25,C,0.9506537589125542,0.9736864719037654,0.9999999999999999
2015/6/26,A,0.9999999999999993,0.982015355860939,0.9482063910111573
2015/6/26,B,0.982015355860939,1.0000000000000007,0.9671578066452622
2015/6/26,C,0.9482063910111573,0.9671578066452622,1.0000000000000002
2015/6/29,A,0.9999999999999993,0.9796654330101797,0.9411023720306053
2015/6/29,B,0.9796654330101797,1.0000000000000007,0.9621411719772067
2015/6/29,C,0.9411023720306053,0.9621411719772067,1.0000000000000004
2015/6/30,A,0.9999999999999992,0.9826679156138314,0.933018773260387
2015/6/30,B,0.9826679156138314,1.0000000000000002,0.9664710822614992
2015/6/30,C,0.933018773260387,0.9664710822614992,0.9999999999999997
2015/7/1,A,0.9999999999999997,0.985031841951242,0.9295390478913047
2015/7/1,B,0.985031841951242,1.0000000000000002,0.9627936800922884
2015/7/1,C,0.9295390478913047,0.9627936800922884,0.9999999999999998
2015/7/2,A,0.9999999999999997,0.9831676161176772,0.9257872452721927
2015/7/2,B,0.9831676161176772,0.9999999999999999,0.9612515333138618
2015/7/2,C,0.9257872452721927,0.9612515333138618,0.9999999999999997
2015/7/6,A,0.9999999999999993,0.9807630203491338,0.9270370892476488
2015/7/6,B,0.9807630203491338,1.0000000000000004,0.9636313141534302
2015/7/6,C,0.9270370892476488,0.9636313141534302,1.0
2015/7/7,A,0.9999999999999993,0.9809601354502552,0.9293143800159996
2015/7/7,B,0.9809601354502552,1.0000000000000002,0.9645130053984018
2015/7/7,C,0.9293143800159996,0.9645130053984018,1.0000000000000002
2015/7/8,A,0.9999999999999994,0.9856587483024589,0.9406026729016782
2015/7/8,B,0.9856587483024589,1.0000000000000004,0.9610846058970067
2015/7/8,C,0.9406026729016782,0.9610846058970067,1.0000000000000002
2015/7/9,A,0.9999999999999993,0.9869470352414548,0.9496574881169026
2015/7/9,B,0.9869470352414548,1.0000000000000002,0.9639097268346586
2015/7/9,C,0.9496574881169026,0.9639097268346586,1.0000000000000004
2015/7/10,A,0.9999999999999993,0.983951949796255,0.9498355046667221
2015/7/10,B,0.983951949796255,1.0000000000000004,0.9634391320677502
2015/7/10,C,0.9498355046667221,0.9634391320677502,1.0000000000000002
2015/7/13,A,0.9999999999999994,0.9849981798667272,0.9464454666661033
2015/7/13,B,0.9849981798667272,1.0000000000000002,0.959005491829383
2015/7/13,C,0.9464454666661033,0.959005491829383,1.0
2015/7/14,A,0.9999999999999989,0.9827888988558601,0.9443800843850993
2015/7/14,B,0.9827888988558601,1.0000000000000007,0.9570710898207211
2015/7/14,C,0.9443800843850993,0.9570710898207211,1.0
2015/7/15,A,0.999999999999999,0.9755215925698091,0.9231625035720725
2015/7/15,B,0.9755215925698091,1.0000000000000004,0.9454567660593186
2015/7/15,C,0.9231625035720725,0.9454567660593186,1.0000000000000002
2015/7/16,A,0.9999999999999989,0.9791990101398894,0.9260877930274307
2015/7/16,B,0.9791990101398894,1.0000000000000004,0.949866267927095
2015/7/16,C,0.9260877930274307,0.949866267927095,1.0000000000000004
2015/7/17,A,0.9999999999999988,0.980406223399807,0.9364770019217059
2015/7/17,B,0.980406223399807,1.0000000000000007,0.9511666825545715
2015/7/17,C,0.9364770019217059,0.9511666825545715,0.9999999999999996
2015/7/20,A,0.9999999999999986,0.9806223192787457,0.9382469146926432
2015/7/20,B,0.9806223192787457,1.0000000000000009,0.9510601244438504
2015/7/20,C,0.9382469146926432,0.9510601244438504,1.0000000000000002
2015/7/21,A,0.999999999999999,0.9806296358375169,0.9398856885052429
2015/7/21,B,0.9806296358375169,1.0000000000000007,0.9538994412919286
2015/7/21,C,0.9398856885052429,0.9538994412919286,1.0000000000000007
2015/7/22,A,0.9999999999999988,0.9787722798814323,0.9494602043531708
2015/7/22,B,0.9787722798814323,1.0000000000000007,0.9652486195063489
2015/7/22,C,0.9494602043531708,0.9652486195063489,1.0000000000000002
2015/7/23,A,0.999999999999999,0.9782848489111898,0.9516748729392905
2015/7/23,B,0.9782848489111898,1.0000000000000009,0.9591271464353818
2015/7/23,C,0.9516748729392905,0.9591271464353818,1.0000000000000004
2015/7/24,A,0.9999999999999992,0.9815228615207563,0.9574937605444322
2015/7/24,B,0.9815228615207563,1.0000000000000007,0.9637809374733504
2015/7/24,C,0.9574937605444322,0.9637809374733504,1.0000000000000004
2015/7/27,A,0.999999999999999,0.9787705226516582,0.963960179154867
2015/7/27,B,0.9787705226516582,1.0000000000000007,0.970230219999814
2015/7/27,C,0.963960179154867,0.970230219999814,1.0000000000000002
2015/7/28,A,0.999999999999999,0.9786621224899587,0.9670791478432288
2015/7/28,B,0.9786621224899587,1.0000000000000009,0.9737164513615781
2015/7/28,C,0.9670791478432288,0.9737164513615781,1.0
2015/7/29,A,0.9999999999999986,0.9775258675990038,0.9684648682732415
2015/7/29,B,0.9775258675990038,1.0000000000000007,0.9688213829193806
2015/7/29,C,0.9684648682732415,0.9688213829193806,1.0000000000000002
2015/7/30,A,0.9999999999999992,0.9844636480368006,0.964353708749832
2015/7/30,B,0.9844636480368006,1.0000000000000009,0.9684038683650139
2015/7/30,C,0.964353708749832,0.9684038683650139,0.9999999999999997
2015/7/31,A,0.999999999999999,0.9834854288963462,0.9634372157498082
2015/7/31,B,0.9834854288963462,1.0000000000000007,0.9687762809152449
2015/7/31,C,0.9634372157498082,0.9687762809152449,1.0000000000000002
2015/8/3,A,0.9999999999999989,0.9899361318693427,0.9665312113384353
2015/8/3,B,0.9899361318693427,1.0000000000000007,0.9675346345318141
2015/8/3,C,0.9665312113384353,0.9675346345318141,1.0
2015/8/4,A,0.9999999999999988,0.982936134957487,0.9501505345643051
2015/8/4,B,0.982936134957487,1.000000000000001,0.9600303862298353
2015/8/4,C,0.9501505345643051,0.9600303862298353,0.9999999999999999
2015/8/5,A,0.9999999999999991,0.9849767958026748,0.953900979283768
2015/8/5,B,0.9849767958026748,1.0000000000000009,0.9651625775329601
2015/8/5,C,0.953900979283768,0.9651625775329601,1.0
2015/8/6,A,0.9999999999999994,0.9842863031495916,0.9470597143731785
2015/8/6,B,0.9842863031495916,1.0000000000000009,0.9632116301358769
2015/8/6,C,0.9470597143731785,0.9632116301358769,1.0
2015/8/7,A,0.9999999999999994,0.983790015829494,0.9465798647415602
2015/8/7,B,0.983790015829494,1.0000000000000009,0.9617595946816945
2015/8/7,C,0.9465798647415602,0.9617595946816945,0.9999999999999999
2015/8/10,A,0.9999999999999994,0.9847153783663543,0.9521515947489001
2015/8/10,B,0.9847153783663543,1.0000000000000007,0.9690556623665357
2015/8/10,C,0.9521515947489001,0.9690556623665357,1.0
2015/8/11,A,0.9999999999999993,0.9828561227650614,0.9549067083566024
2015/8/11,B,0.9828561227650614,1.0000000000000004,0.9685962919428023
2015/8/11,C,0.9549067083566024,0.9685962919428023,1.0
2015/8/12,A,0.999999999999999,0.9818941030391937,0.9610792454766045
2015/8/12,B,0.9818941030391937,1.0000000000000007,0.9712596425345498
2015/8/12,C,0.9610792454766045,0.9712596425345498,1.0000000000000002
2015/8/13,A,0.9999999999999993,0.981237378676652,0.9564373264159735
2015/8/13,B,0.981237378676652,1.0000000000000004,0.9687076354944834
2015/8/13,C,0.9564373264159735,0.9687076354944834,1.0
2015/8/14,A,0.9999999999999993,0.9827300076243921,0.955791770575286
2015/8/14,B,0.9827300076243921,1.0000000000000009,0.9690581793152132
2015/8/14,C,0.955791770575286,0.9690581793152132,1.0000000000000004
2015/8/17,A,0.9999999999999992,0.9823297142474251,0.9532413042054759
2015/8/17,B,0.9823297142474251,1.0000000000000007,0.9705091338436596
2015/8/17,C,0.9532413042054759,0.9705091338436596,1.0000000000000002
2015/8/18,A,0.9999999999999996,0.9828170780156484,0.953745105768394
2015/8/18,B,0.9828170780156484,1.0000000000000004,0.9712287601264957
2015/8/18,C,0.953745105768394,0.9712287601264957,1.0000000000000004
2015/8/19,A,0.9999999999999994,0.9788757956275227,0.9435467597423267
2015/8/19,B,0.9788757956275227,1.0000000000000004,0.9704026777831649
2015/8/19,C,0.9435467597423267,0.9704026777831649,1.0000000000000004
2015/8/20,A,0.9999999999999988,0.9785136852370353,0.9414789232116116
2015/8/20,B,0.9785136852370353,1.0000000000000004,0.9717830367282331
2015/8/20,C,0.9414789232116116,0.9717830367282331,1.0000000000000004
2015/8/21,A,0.9999999999999992,0.9764060685361087,0.9377995495646586
2015/8/21,B,0.9764060685361087,1.0000000000000007,0.9705362286951963
2015/8/21,C,0.9377995495646586,0.9705362286951963,1.0
2015/8/24,A,0.9999999999999992,0.9781334476761218,0.9438518616499026
2015/8/24,B,0.9781334476761218,1.0000000000000004,0.9745226775897203
2015/8/24,C,0.9438518616499026,0.9745226775897203,1.0
2015/8/25,A,0.9999999999999994,0.9787203174633863,0.9425827394622242
2015/8/25,B,0.9787203174633863,1.0000000000000004,0.9706544046548262
2015/8/25,C,0.9425827394622242,0.9706544046548262,1.0
2015/8/26,A,0.9999999999999992,0.9792328971609665,0.9429682342428698
2015/8/26,B,0.9792328971609665,1.0000000000000002,0.9694731906025996
2015/8/26,C,0.9429682342428698,0.9694731906025996,1.0000000000000002
2015/8/27,A,0.9999999999999996,0.9746555978545024,0.9392732359250973
2015/8/27,B,0.9746555978545024,1.0000000000000002,0.9733915179602077
2015/8/27,C,0.9392732359250973,0.9733915179602077,1.0000000000000004
2015/8/28,A,0.9999999999999993,0.9722470034990147,0.938209257855612
2015/8/28,B,0.9722470034990147,1.0000000000000002,0.9730235743480846
2015/8/28,C,0.938209257855612,0.9730235743480846,1.0000000000000004
2015/8/31,A,0.9999999999999992,0.9694674454826552,0.9364620064509217
2015/8/31,B,0.9694674454826552,1.0000000000000002,0.9755862102615477
2015/8/31,C,0.9364620064509217,0.9755862102615477,1.0000000000000004
2015/9/1,A,0.9999999999999992,0.9709911661394921,0.9420133828498353
2015/9/1,B,0.9709911661394921,0.9999999999999999,0.9790678464773022
2015/9/1,C,0.9420133828498353,0.9790678464773022,1.0000000000000002
2015/9/2,A,0.9999999999999997,0.96464555344374,0.9366004582448636
2015/9/2,B,0.96464555344374,0.9999999999999999,0.981073798044162
2015/9/2,C,0.9366004582448636,0.981073798044162,1.0000000000000004
2015/9/3,A,0.9999999999999996,0.9637106272226562,0.9394419415381655
2015/9/3,B,0.9637106272226562,0.9999999999999998,0.9801304631885664
2015/9/3,C,0.9394419415381655,0.9801304631885664,1.0000000000000002
2015/9/4,A,0.9999999999999997,0.9652558098928429,0.9381433384965138
2015/9/4,B,0.9652558098928429,1.0,0.9780926402303288
2015/9/4,C,0.9381433384965138,0.9780926402303288,1.0000000000000004
2015/9/8,A,0.9999999999999993,0.9616245125644504,0.9277024476312484
2015/9/8,B,0.9616245125644504,1.0,0.9717530559701355
2015/9/8,C,0.9277024476312484,0.9717530559701355,1.0000000000000007
2015/9/9,A,0.9999999999999994,0.9609716270826038,0.9288815006795186
2015/9/9,B,0.9609716270826038,0.9999999999999999,0.9732037693386156
2015/9/9,C,0.9288815006795186,0.9732037693386156,1.0000000000000004
2015/9/10,A,0.9999999999999993,0.9659759874462303,0.9333923493803378
2015/9/10,B,0.9659759874462303,1.0000000000000002,0.9731501937220379
2015/9/10,C,0.9333923493803378,0.9731501937220379,1.0000000000000004
2015/9/11,A,0.9999999999999993,0.9678254640668026,0.9382703375778423
2015/9/11,B,0.9678254640668026,1.0,0.9757075616593317
2015/9/11,C,0.9382703375778423,0.9757075616593317,1.0000000000000002
2015/9/14,A,0.9999999999999993,0.96682708731511,0.9396920249172063
2015/9/14,B,0.96682708731511,1.0,0.9736453303827663
2015/9/14,C,0.9396920249172063,0.9736453303827663,1.0000000000000004
2015/9/15,A,0.9999999999999991,0.9685003231382728,0.9358720482748356
2015/9/15,B,0.9685003231382728,0.9999999999999999,0.9682632601655266
2015/9/15,C,0.9358720482748356,0.9682632601655266,1.0000000000000007
2015/9/16,A,0.9999999999999991,0.9664303656381347,0.9345857399797751
2015/9/16,B,0.9664303656381347,1.0000000000000002,0.9640128273739109
2015/9/16,C,0.9345857399797751,0.9640128273739109,1.0000000000000009
2015/9/17,A,0.9999999999999991,0.9725920981691497,0.9426013814665352
2015/9/17,B,0.9725920981691497,1.0,0.9640448799385107
2015/9/17,C,0.9426013814665352,0.9640448799385107,1.0000000000000007
2015/9/18,A,0.9999999999999992,0.9723051615867053,0.9415042672282369
2015/9/18,B,0.9723051615867053,1.0,0.9631836086039364
2015/9/18,C,0.9415042672282369,0.9631836086039364,1.0000000000000009
2015/9/21,A,0.999999999999999,0.9706233440202932,0.9368403553992937
2015/9/21,B,0.9706233440202932,0.9999999999999999,0.9620875713759638
2015/9/21,C,0.9368403553992937,0.9620875713759638,1.000000000000001
2015/9/22,A,0.9999999999999991,0.9611036645328249,0.9338331523779068
2015/9/22,B,0.9611036645328249,0.9999999999999997,0.9648706015653841
2015/9/22,C,0.9338331523779068,0.9648706015653841,1.000000000000001
2015/9/23,A,0.9999999999999991,0.9570081755156427,0.9233590473695614
2015/9/23,B,0.9570081755156427,0.9999999999999997,0.9617330538549492
2015/9/23,C,0.9233590473695614,0.9617330538549492,1.000000000000001
2015/9/24,A,0.9999999999999997,0.9642072921227994,0.9338881758203748
2015/9/24,B,0.9642072921227994,0.9999999999999994,0.9675101545019718
2015/9/24,C,0.9338881758203748,0.9675101545019718,1.000000000000001
2015/9/25,A,0.9999999999999994,0.964177878635902,0.9315729930872989
2015/9/25,B,0.964177878635902,0.9999999999999996,0.9653921104944791
2015/9/25,C,0.9315729930872989,0.9653921104944791,1.000000000000001
2015/9/28,A,0.9999999999999994,0.9648791651761217,0.9244345926795549
2015/9/28,B,0.9648791651761217,0.9999999999999994,0.963201711988691
2015/9/28,C,0.9244345926795549,0.963201711988691,1.0000000000000013
2015/9/29,A,0.9999999999999994,0.9685821628914436,0.9313583904425781
2015/9/29,B,0.9685821628914436,0.9999999999999992,0.9638878467645663
2015/9/29,C,0.9313583904425781,0.9638878467645663,1.0000000000000013
2015/9/30,A,0.9999999999999996,0.9664539503962546,0.9363038001183126
2015/9/30,B,0.9664539503962546,0.9999999999999994,0.9640722384575319
2015/9/30,C,0.9363038001183126,0.9640722384575319,1.0000000000000016
2015/10/1,A,0.9999999999999998,0.9709561557700799,0.9330677346493979
2015/10/1,B,0.9709561557700799,0.9999999999999992,0.9617112036728823
2015/10/1,C,0.9330677346493979,0.9617112036728823,1.0000000000000018
2015/10/2,A,0.9999999999999994,0.9771309026018796,0.9456568049664804
2015/10/2,B,0.9771309026018796,0.9999999999999994,0.9767499018539031
2015/10/2,C,0.9456568049664804,0.9767499018539031,1.0000000000000016
2015/10/5,A,0.9999999999999998,0.9766860556396633,0.9474530539217572
2015/10/5,B,0.9766860556396633,0.9999999999999993,0.977240376141353
2015/10/5,C,0.9474530539217572,0.977240376141353,1.0000000000000016
2015/10/6,A,1.0,0.9771561817365997,0.9465578881355161
2015/10/6,B,0.9771561817365997,0.999999999999999,0.9808779903621557
2015/10/6,C,0.9465578881355161,0.9808779903621557,1.0000000000000016
2015/10/7,A,0.9999999999999996,0.9745103050416646,0.9339242458440742
2015/10/7,B,0.9745103050416646,0.9999999999999993,0.9658587855893788
2015/10/7,C,0.9339242458440742,0.9658587855893788,1.0000000000000018
2015/10/8,A,0.9999999999999996,0.9742570891784168,0.9337039947396026
2015/10/8,B,0.9742570891784168,0.999999999999999,0.9666841045014662
2015/10/8,C,0.9337039947396026,0.9666841045014662,1.0000000000000013
2015/10/9,A,0.9999999999999993,0.9753771223869397,0.9406719941016044
2015/10/9,B,0.9753771223869397,0.9999999999999994,0.9719475448926822
2015/10/9,C,0.9406719941016044,0.9719475448926822,1.000000000000001
2015/10/12,A,0.9999999999999998,0.9728679326391004,0.9357084245745848
2015/10/12,B,0.9728679326391004,0.9999999999999993,0.9704192557827137
2015/10/12,C,0.9357084245745848,0.9704192557827137,1.0000000000000018
2015/10/13,A,0.9999999999999992,0.9620754590471158,0.9411558366027925
2015/10/13,B,0.9620754590471158,0.9999999999999994,0.9746377312211266
2015/10/13,C,0.9411558366027925,0.9746377312211266,1.0000000000000018
2015/10/14,A,0.9999999999999992,0.9660302959647108,0.9433242099563071
2015/10/14,B,0.9660302959647108,0.9999999999999994,0.9783896318511488
2015/10/14,C,0.9433242099563071,0.9783896318511488,1.0000000000000016
2015/10/15,A,0.9999999999999994,0.9745757402763152,0.9581454505552702
2015/10/15,B,0.9745757402763152,0.9999999999999997,0.9851165569942693
2015/10/15,C,0.9581454505552702,0.9851165569942693,1.000000000000001
2015/10/16,A,0.9999999999999993,0.9771196185654545,0.962813089090163
2015/10/16,B,0.9771196185654545,0.9999999999999997,0.9866032089553626
2015/10/16,C,0.962813089090163,0.9866032089553626,1.0000000000000007
2015/10/19,A,0.9999999999999993,0.97746331485997,0.9626135986365898
2015/10/19,B,0.97746331485997,0.9999999999999997,0.9842631744961103
2015/10/19,C,0.9626135986365898,0.9842631744961103,1.000000000000001
2015/10/20,A,0.9999999999999993,0.9798087251881659,0.9596228112614935
2015/10/20,B,0.9798087251881659,0.9999999999999994,0.9778676848124934
2015/10/20,C,0.9596228112614935,0.9778676848124934,1.0000000000000007
2015/10/21,A,0.9999999999999993,0.982398504614598,0.9624659279628973
2015/10/21,B,0.982398504614598,0.9999999999999998,0.9754401927731896
2015/10/21,C,0.9624659279628973,0.9754401927731896,1.0000000000000004
2015/10/22,A,0.9999999999999992,0.9782483853930393,0.9557910432058333
2015/10/22,B,0.9782483853930393,1.0,0.9711049798840647
2015/10/22,C,0.9557910432058333,0.9711049798840647,1.0000000000000007
2015/10/23,A,0.9999999999999992,0.9788978747593331,0.9583364630302047
2015/10/23,B,0.9788978747593331,1.0,0.9718119812436764
2015/10/23,C,0.9583364630302047,0.9718119812436764,1.0000000000000007
2015/10/26,A,0.9999999999999989,0.9802067161467396,0.9669643163664633
2015/10/26,B,0.9802067161467396,1.0000000000000002,0.9746845627429678
2015/10/26,C,0.9669643163664633,0.9746845627429678,1.0000000000000004
2015/10/27,A,0.9999999999999986,0.9786467976294927,0.9650481743900539
2015/10/27,B,0.9786467976294927,0.9999999999999998,0.9735503386529399
2015/10/27,C,0.9650481743900539,0.9735503386529399,1.0000000000000002
2015/10/28,A,0.9999999999999987,0.9807083836178093,0.9666765994593317
2015/10/28,B,0.9807083836178093,1.0,0.9753702976024525
2015/10/28,C,0.9666765994593317,0.9753702976024525,1.0000000000000007
2015/10/29,A,0.9999999999999988,0.9781152418066255,0.9660453001479239
2015/10/29,B,0.9781152418066255,1.0,0.9734871229539078
2015/10/29,C,0.9660453001479239,0.9734871229539078,1.0000000000000004
2015/10/30,A,0.9999999999999992,0.9750236184997382,0.9624135860281073
2015/10/30,B,0.9750236184997382,1.0000000000000002,0.9682058954457733
2015/10/30,C,0.9624135860281073,0.9682058954457733,1.0000000000000007
2015/11/2,A,0.9999999999999984,0.9713130067979056,0.9611623825166301
2015/11/2,B,0.9713130067979056,1.0000000000000002,0.9670771603422201
2015/11/2,C,0.9611623825166301,0.9670771603422201,1.0000000000000004
2015/11/3,A,0.9999999999999984,0.9721182426336658,0.9604911399513064
2015/11/3,B,0.9721182426336658,1.0,0.9677993411590821
2015/11/3,C,0.9604911399513064,0.9677993411590821,1.0000000000000009
2015/11/4,A,0.999999999999998,0.9723886458926645,0.9636489266707322
2015/11/4,B,0.9723886458926645,1.0000000000000004,0.9758855864572437
2015/11/4,C,0.9636489266707322,0.9758855864572437,1.0000000000000004
2015/11/5,A,0.9999999999999978,0.9728817547260857,0.9655787321529986
2015/11/5,B,0.9728817547260857,1.0000000000000002,0.9737796621640494
2015/11/5,C,0.9655787321529986,0.9737796621640494,1.000000000000001
2015/11/6,A,0.9999999999999978,0.9744239336461291,0.9697044401631885
2015/11/6,B,0.9744239336461291,1.0000000000000002,0.9756526629780742
2015/11/6,C,0.9697044401631885,0.9756526629780742,1.0000000000000004
2015/11/9,A,0.9999999999999984,0.9762444234151709,0.9718169089160443
2015/11/9,B,0.9762444234151709,1.0000000000000002,0.9763490068322486
