Date,,A,B,C
2015/1/30,A,0.9999999999999994,0.9576172537700556,0.9110085696787461
2015/1/30,B,0.9576172537700556,1.0000000000000004,0.9586691648970395
2015/1/30,C,0.9110085696787461,0.9586691648970395,1.0000000000000002
2015/2/2,A,0.9999999999999999,0.9705843881208739,0.9488067288394094
2015/2/2,B,0.9705843881208739,1.0,0.976383990358033
2015/2/2,C,0.9488067288394094,0.976383990358033,0.9999999999999998
2015/2/3,A,0.9999999999999997,0.9693377276732943,0.9469250468987057
2015/2/3,B,0.9693377276732943,1.0000000000000007,0.9770656843688237
2015/2/3,C,0.9469250468987057,0.9770656843688237,0.9999999999999999
2015/2/4,A,0.9999999999999997,0.9680797464122546,0.9468438669145801
2015/2/4,B,0.9680797464122546,1.0000000000000004,0.9791026686495362
2015/2/4,C,0.9468438669145801,0.9791026686495362,0.9999999999999998
2015/2/5,A,0.9999999999999998,0.9632363152910921,0.9402420277151888
2015/2/5,B,0.9632363152910921,1.0000000000000004,0.9766169890708771
2015/2/5,C,0.9402420277151888,0.9766169890708771,0.9999999999999997
2015/2/6,A,0.9999999999999999,0.966558033398866,0.9443094205489238
2015/2/6,B,0.966558033398866,1.0,0.9777158419252481
2015/2/6,C,0.9443094205489238,0.9777158419252481,1.0
2015/2/9,A,0.9999999999999999,0.9681960913969667,0.9443613737425717
2015/2/9,B,0.9681960913969667,1.0000000000000002,0.9768306749937378
2015/2/9,C,0.9443613737425717,0.9768306749937378,0.9999999999999997
2015/2/10,A,0.9999999999999997,0.974272179459303,0.9444100580056932
2015/2/10,B,0.974272179459303,1.0000000000000007,0.9778848133395562
2015/2/10,C,0.9444100580056932,0.9778848133395562,1.0
2015/2/11,A,0.9999999999999999,0.9738912349784219,0.9449251929171996
2015/2/11,B,0.9738912349784219,1.0000000000000004,0.9832482520464191
2015/2/11,C,0.9449251929171996,0.9832482520464191,1.0
2015/2/12,A,0.9999999999999996,0.9737908901598961,0.9534852192058687
2015/2/12,B,0.9737908901598961,1.0000000000000004,0.9892332914486044
2015/2/12,C,0.9534852192058687,0.9892332914486044,1.0
2015/2/13,A,1.0000000000000002,0.9754705661937464,0.9561013174731486
2015/2/13,B,0.9754705661937464,1.0,0.990043834141066
2015/2/13,C,0.9561013174731486,0.990043834141066,1.0000000000000002
2015/2/17,A,1.0,0.975482443262206,0.9561024109652569
2015/2/17,B,0.975482443262206,1.0000000000000004,0.9900479901522149
2015/2/17,C,0.9561024109652569,0.9900479901522149,1.0
2015/2/18,A,0.9999999999999999,0.9760919881923525,0.9577611159433747
2015/2/18,B,0.9760919881923525,1.0000000000000002,0.9898916986639614
2015/2/18,C,0.9577611159433747,0.9898916986639614,0.9999999999999999
2015/2/19,A,0.9999999999999998,0.9761580322801541,0.9600414457904254
2015/2/19,B,0.9761580322801541,1.0000000000000004,0.9892958715173951
2015/2/19,C,0.9600414457904254,0.9892958715173951,1.0000000000000002
2015/2/20,A,0.9999999999999994,0.981476371947475,0.970428599799721
2015/2/20,B,0.981476371947475,1.0000000000000004,0.9903821052855268
2015/2/20,C,0.970428599799721,0.9903821052855268,1.0000000000000002
2015/2/23,A,0.9999999999999998,0.9812822743417343,0.9691988411972821
2015/2/23,B,0.9812822743417343,1.0000000000000004,0.9901628757564377
2015/2/23,C,0.9691988411972821,0.9901628757564377,1.0
2015/2/24,A,0.9999999999999999,0.9804666513562845,0.9695904251868603
2015/2/24,B,0.9804666513562845,1.0000000000000007,0.9905928166302714
2015/2/24,C,0.9695904251868603,0.9905928166302714,0.9999999999999998
2015/2/25,A,1.0,0.9822339415720703,0.9753912199866547
2015/2/25,B,0.9822339415720703,1.0000000000000004,0.9918033884110039
2015/2/25,C,0.9753912199866547,0.9918033884110039,0.9999999999999998
2015/2/26,A,0.9999999999999999,0.9858862142592221,0.9830895015209417
2015/2/26,B,0.9858862142592221,1.0000000000000004,0.9921621706045621
2015/2/26,C,0.9830895015209417,0.9921621706045621,0.9999999999999998
2015/2/27,A,0.9999999999999999,0.9870144951796992,0.985542971561897
2015/2/27,B,0.9870144951796992,1.0000000000000002,0.9924318273693591
2015/2/27,C,0.985542971561897,0.9924318273693591,1.0
2015/3/2,A,0.9999999999999999,0.987878753753157,0.9853917556378357
2015/3/2,B,0.987878753753157,1.0000000000000004,0.9926407811143246
2015/3/2,C,0.9853917556378357,0.9926407811143246,0.9999999999999998
2015/3/3,A,1.0000000000000002,0.9861660443747099,0.9780309241937577
2015/3/3,B,0.9861660443747099,1.0000000000000004,0.9886114816923458
2015/3/3,C,0.9780309241937577,0.9886114816923458,0.9999999999999997
2015/3/4,A,0.9999999999999999,0.9881991281447151,0.9816188137985282
2015/3/4,B,0.9881991281447151,1.0000000000000004,0.9895220964458088
2015/3/4,C,0.9816188137985282,0.9895220964458088,0.9999999999999998
2015/3/5,A,1.0000000000000002,0.990898318058539,0.9862760013479317
2015/3/5,B,0.990898318058539,1.0000000000000004,0.9889589811438284
2015/3/5,C,0.9862760013479317,0.9889589811438284,0.9999999999999996
2015/3/6,A,0.9999999999999998,0.9919312488983004,0.9879584893450469
2015/3/6,B,0.9919312488983004,1.0000000000000002,0.9899199987891104
2015/3/6,C,0.9879584893450469,0.9899199987891104,1.0000000000000002
2015/3/9,A,0.9999999999999998,0.9886190280378615,0.9724029356191217
2015/3/9,B,0.9886190280378615,1.0000000000000009,0.9841545550968379
2015/3/9,C,0.9724029356191217,0.9841545550968379,1.0
2015/3/10,A,1.0,0.9877022973239078,0.9708052359754633
2015/3/10,B,0.9877022973239078,1.0000000000000004,0.9834641615277894
2015/3/10,C,0.9708052359754633,0.9834641615277894,1.0
2015/3/11,A,0.9999999999999996,0.9887397476098426,0.9709696324812466
2015/3/11,B,0.9887397476098426,1.0000000000000007,0.9835586388711688
2015/3/11,C,0.9709696324812466,0.9835586388711688,1.0
2015/3/12,A,1.0,0.9904755014147913,0.9731544882044878
2015/3/12,B,0.9904755014147913,1.0000000000000007,0.9839070027483271
2015/3/12,C,0.9731544882044878,0.9839070027483271,0.9999999999999998
2015/3/13,A,0.9999999999999998,0.9913227178659536,0.9754073947724446
2015/3/13,B,0.9913227178659536,1.0000000000000009,0.9843044503501952
2015/3/13,C,0.9754073947724446,0.9843044503501952,1.0000000000000002
2015/3/16,A,0.9999999999999999,0.9870289329627664,0.9672292861693982
2015/3/16,B,0.9870289329627664,1.0000000000000007,0.9820493923924641
2015/3/16,C,0.9672292861693982,0.9820493923924641,0.9999999999999999
2015/3/17,A,0.9999999999999997,0.9853516702716466,0.9603501586660853
2015/3/17,B,0.9853516702716466,1.0000000000000009,0.9807383006817426
2015/3/17,C,0.9603501586660853,0.9807383006817426,1.0
2015/3/18,A,0.9999999999999997,0.9854341558341159,0.9550587334732225
2015/3/18,B,0.9854341558341159,1.0000000000000007,0.9765250954192116
2015/3/18,C,0.9550587334732225,0.9765250954192116,1.0
2015/3/19,A,0.9999999999999997,0.9861009531888687,0.9542246393444723
2015/3/19,B,0.9861009531888687,1.0000000000000002,0.977441855368511
2015/3/19,C,0.9542246393444723,0.977441855368511,1.0
2015/3/20,A,0.9999999999999994,0.9850809619728008,0.9479548664768672
2015/3/20,B,0.9850809619728008,1.0000000000000004,0.9750152770591707
2015/3/20,C,0.9479548664768672,0.9750152770591707,1.0
2015/3/23,A,0.9999999999999998,0.9848613392016105,0.9509615137855237
2015/3/23,B,0.9848613392016105,1.0000000000000004,0.9761771442815278
2015/3/23,C,0.9509615137855237,0.9761771442815278,0.9999999999999998
2015/3/24,A,0.9999999999999997,0.9847908858996608,0.9506486006615349
2015/3/24,B,0.9847908858996608,1.0000000000000007,0.9765366653011464
2015/3/24,C,0.9506486006615349,0.9765366653011464,1.0
2015/3/25,A,0.9999999999999997,0.9834265075651782,0.9439982627519039
2015/3/25,B,0.9834265075651782,1.0000000000000009,0.9726599400209669
2015/3/25,C,0.9439982627519039,0.9726599400209669,1.0000000000000002
2015/3/26,A,0.9999999999999996,0.9812593121307214,0.9339074692548458
2015/3/26,B,0.9812593121307214,1.000000000000001,0.9674650689066112
2015/3/26,C,0.9339074692548458,0.9674650689066112,1.0000000000000002
2015/3/27,A,0.9999999999999998,0.9808273426455566,0.9341394516361012
2015/3/27,B,0.9808273426455566,1.0000000000000009,0.9674280300707313
2015/3/27,C,0.9341394516361012,0.9674280300707313,1.0000000000000002
2015/3/30,A,0.9999999999999998,0.9849936164127818,0.9337879990793672
2015/3/30,B,0.9849936164127818,1.000000000000001,0.9705957099001232
2015/3/30,C,0.9337879990793672,0.9705957099001232,1.0000000000000004
2015/3/31,A,0.9999999999999996,0.9843504785360433,0.9357148365590375
2015/3/31,B,0.9843504785360433,1.0000000000000009,0.9719289082611713
2015/3/31,C,0.9357148365590375,0.9719289082611713,1.0000000000000004
2015/4/1,A,1.0,0.9836009627874176,0.9295727341411041
2015/4/1,B,0.9836009627874176,1.0000000000000009,0.9684820374326011
2015/4/1,C,0.9295727341411041,0.9684820374326011,1.0000000000000002
2015/4/2,A,1.0,0.9813857059036827,0.9236703500372166
2015/4/2,B,0.9813857059036827,1.0000000000000009,0.9659861435503537
2015/4/2,C,0.9236703500372166,0.9659861435503537,1.0
2015/4/6,A,0.9999999999999998,0.9741960625637474,0.8974516945154405
2015/4/6,B,0.9741960625637474,1.0000000000000016,0.9545299115606467
2015/4/6,C,0.8974516945154405,0.9545299115606467,1.0000000000000002
2015/4/7,A,0.9999999999999997,0.9827610845607563,0.9309981204740004
2015/4/7,B,0.9827610845607563,1.0000000000000016,0.9627508614447108
2015/4/7,C,0.9309981204740004,0.9627508614447108,1.0000000000000004
2015/4/8,A,0.9999999999999997,0.9807718245381204,0.9307538808147116
2015/4/8,B,0.9807718245381204,1.0000000000000018,0.962602711177112
2015/4/8,C,0.9307538808147116,0.962602711177112,1.0000000000000004
2015/4/9,A,0.9999999999999997,0.9824952564828566,0.9411736422615935
2015/4/9,B,0.9824952564828566,1.0000000000000016,0.965808339516424
2015/4/9,C,0.9411736422615935,0.965808339516424,1.0000000000000004
2015/4/10,A,0.9999999999999997,0.9822346140870739,0.9386434672498144
2015/4/10,B,0.9822346140870739,1.0000000000000018,0.9615301310688887
2015/4/10,C,0.9386434672498144,0.9615301310688887,1.0000000000000004
2015/4/13,A,0.9999999999999994,0.9800503433512978,0.9281970361655745
2015/4/13,B,0.9800503433512978,1.0000000000000018,0.9529597915230077
2015/4/13,C,0.9281970361655745,0.9529597915230077,1.0000000000000007
2015/4/14,A,0.9999999999999994,0.9841686935899028,0.9357866785019717
2015/4/14,B,0.9841686935899028,1.0000000000000018,0.9528976048341574
2015/4/14,C,0.9357866785019717,0.9528976048341574,1.0000000000000007
2015/4/15,A,0.9999999999999997,0.9883987317493103,0.9543517729433806
2015/4/15,B,0.9883987317493103,1.0000000000000018,0.9599467993613799
2015/4/15,C,0.9543517729433806,0.9599467993613799,1.0000000000000007
2015/4/16,A,0.9999999999999998,0.9878128721120977,0.9640737551533227
2015/4/16,B,0.9878128721120977,1.0000000000000016,0.9696480159578278
2015/4/16,C,0.9640737551533227,0.9696480159578278,1.0000000000000007
2015/4/17,A,0.9999999999999997,0.990864341095416,0.9716290198580476
2015/4/17,B,0.990864341095416,1.0000000000000013,0.9757794712476764
2015/4/17,C,0.9716290198580476,0.9757794712476764,1.0
2015/4/20,A,0.9999999999999997,0.990905085846217,0.9714084025024136
2015/4/20,B,0.990905085846217,1.0000000000000016,0.9738128499303291
2015/4/20,C,0.9714084025024136,0.9738128499303291,1.0000000000000002
2015/4/21,A,0.9999999999999999,0.9915244422950938,0.9669917045580505
2015/4/21,B,0.9915244422950938,1.0000000000000016,0.9714310771765294
2015/4/21,C,0.9669917045580505,0.9714310771765294,1.0000000000000002
2015/4/22,A,0.9999999999999999,0.9926878739352928,0.966154240136791
2015/4/22,B,0.9926878739352928,1.0000000000000016,0.9700429837723977
2015/4/22,C,0.966154240136791,0.9700429837723977,1.0000000000000002
2015/4/23,A,0.9999999999999999,0.988751879816132,0.9625862630546054
2015/4/23,B,0.988751879816132,1.000000000000002,0.970667601744605
2015/4/23,C,0.9625862630546054,0.970667601744605,1.0000000000000002
2015/4/24,A,0.9999999999999999,0.9883038445364764,0.9624694889197807
2015/4/24,B,0.9883038445364764,1.000000000000002,0.9708589829137835
2015/4/24,C,0.9624694889197807,0.9708589829137835,1.0000000000000002
2015/4/27,A,0.9999999999999999,0.9857918305667058,0.9625515045693948
2015/4/27,B,0.9857918305667058,1.0000000000000022,0.9664305640263869
2015/4/27,C,0.9625515045693948,0.9664305640263869,1.0000000000000002
2015/4/28,A,0.9999999999999999,0.9855406138654627,0.9640268514018139
2015/4/28,B,0.9855406138654627,1.000000000000002,0.9684108150600066
2015/4/28,C,0.9640268514018139,0.9684108150600066,1.0000000000000002
2015/4/29,A,0.9999999999999997,0.9858724340506323,0.969217885956418
2015/4/29,B,0.9858724340506323,1.0000000000000018,0.9687665614071618
2015/4/29,C,0.969217885956418,0.9687665614071618,1.0000000000000002
2015/4/30,A,0.9999999999999999,0.9875310180321928,0.9585585399566846
2015/4/30,B,0.9875310180321928,1.0000000000000016,0.9609217147273583
2015/4/30,C,0.9585585399566846,0.9609217147273583,1.0000000000000004
2015/5/1,A,0.9999999999999998,0.9876558050465526,0.9644819095674982
2015/5/1,B,0.9876558050465526,1.0000000000000013,0.9686183286093348
2015/5/1,C,0.9644819095674982,0.9686183286093348,1.0000000000000002
2015/5/4,A,0.9999999999999997,0.9874392105101927,0.9584331995608003
2015/5/4,B,0.9874392105101927,1.000000000000001,0.9608480400506177
2015/5/4,C,0.9584331995608003,0.9608480400506177,1.0000000000000002
2015/5/5,A,0.9999999999999996,0.9900882750113387,0.9673821136244327
2015/5/5,B,0.9900882750113387,1.0000000000000013,0.9682312185199443
2015/5/5,C,0.9673821136244327,0.9682312185199443,0.9999999999999999
2015/5/6,A,0.9999999999999999,0.992576014820141,0.9738429828374169
2015/5/6,B,0.992576014820141,1.0000000000000009,0.974317856122539
2015/5/6,C,0.9738429828374169,0.974317856122539,1.0
2015/5/7,A,0.9999999999999998,0.992405892708216,0.9628231817335792
2015/5/7,B,0.992405892708216,1.0000000000000009,0.9701295322121626
2015/5/7,C,0.9628231817335792,0.9701295322121626,0.9999999999999996
2015/5/8,A,1.0,0.9895106287904385,0.9521269456087643
2015/5/8,B,0.9895106287904385,1.0000000000000007,0.9676322425146758
2015/5/8,C,0.9521269456087643,0.9676322425146758,0.9999999999999998
2015/5/11,A,0.9999999999999998,0.9881258704793868,0.9541208390009802
2015/5/11,B,0.9881258704793868,1.0000000000000009,0.9694609570918878
2015/5/11,C,0.9541208390009802,0.9694609570918878,0.9999999999999998
2015/5/12,A,1.0,0.9873225344022625,0.9443299617609268
2015/5/12,B,0.9873225344022625,1.0000000000000004,0.9695469309373058
2015/5/12,C,0.9443299617609268,0.9695469309373058,0.9999999999999997
2015/5/13,A,0.9999999999999998,0.9869240674263063,0.9433545851728082
2015/5/13,B,0.9869240674263063,1.0000000000000004,0.9683121738495247
2015/5/13,C,0.9433545851728082,0.9683121738495247,0.9999999999999998
2015/5/14,A,1.0,0.9878525829787919,0.9368234811377328
2015/5/14,B,0.9878525829787919,1.0000000000000007,0.9644415447886169
2015/5/14,C,0.9368234811377328,0.9644415447886169,1.0
2015/5/15,A,0.9999999999999998,0.9867047168015501,0.9301625556962761
2015/5/15,B,0.9867047168015501,1.000000000000001,0.9617396452047228
2015/5/15,C,0.9301625556962761,0.9617396452047228,1.0000000000000002
2015/5/18,A,0.9999999999999994,0.9858705269708911,0.9244388956235681
2015/5/18,B,0.9858705269708911,1.0000000000000009,0.9586513768723826
2015/5/18,C,0.9244388956235681,0.9586513768723826,1.0
2015/5/19,A,0.9999999999999997,0.9860918338740304,0.9274551682822377
2015/5/19,B,0.9860918338740304,1.0000000000000007,0.9591290642236667
2015/5/19,C,0.9274551682822377,0.9591290642236667,0.9999999999999998
2015/5/20,A,0.9999999999999997,0.9858763931648729,0.9255739404498013
2015/5/20,B,0.9858763931648729,1.0000000000000009,0.9585532206562484
2015/5/20,C,0.9255739404498013,0.9585532206562484,0.9999999999999998
2015/5/21,A,0.9999999999999994,0.9859725212526491,0.9225140478605744
2015/5/21,B,0.9859725212526491,1.000000000000001,0.9566200678673981
2015/5/21,C,0.9225140478605744,0.9566200678673981,0.9999999999999998
2015/5/22,A,0.9999999999999989,0.9866364013782556,0.9294707830717867
2015/5/22,B,0.9866364013782556,1.0000000000000007,0.9602900441009766
2015/5/22,C,0.9294707830717867,0.9602900441009766,0.9999999999999993
2015/5/26,A,0.9999999999999994,0.9867538099895208,0.9276779057178304
2015/5/26,B,0.9867538099895208,1.0000000000000007,0.9601490243012263
2015/5/26,C,0.9276779057178304,0.9601490243012263,0.9999999999999998
2015/5/27,A,0.9999999999999992,0.9864372376361515,0.9272426719011075
2015/5/27,B,0.9864372376361515,1.000000000000001,0.9585654616372012
2015/5/27,C,0.9272426719011075,0.9585654616372012,1.0
2015/5/28,A,0.9999999999999998,0.9857238982696175,0.9234817347162344
2015/5/28,B,0.9857238982696175,1.0,0.9572292295321891
2015/5/28,C,0.9234817347162344,0.9572292295321891,0.9999999999999999
2015/5/29,A,0.9999999999999996,0.9837517112470061,0.9379249555799698
2015/5/29,B,0.9837517112470061,0.9999999999999998,0.9675100403325565
2015/5/29,C,0.9379249555799698,0.9675100403325565,0.9999999999999998
2015/6/1,A,0.9999999999999994,0.9857979099818475,0.9459359369247259
2015/6/1,B,0.9857979099818475,1.0000000000000009,0.9717954821045666
2015/6/1,C,0.9459359369247259,0.9717954821045666,0.9999999999999998
2015/6/2,A,0.9999999999999991,0.977356783814052,0.9362919882307721
2015/6/2,B,0.977356783814052,0.9999999999999999,0.9611009435866527
2015/6/2,C,0.9362919882307721,0.9611009435866527,0.9999999999999993
2015/6/3,A,0.9999999999999991,0.9784906630529504,0.9394996162252405
2015/6/3,B,0.9784906630529504,0.9999999999999999,0.9634944925722166
2015/6/3,C,0.9394996162252405,0.9634944925722166,0.9999999999999998
2015/6/4,A,0.9999999999999997,0.9790162176391927,0.9393176537274144
2015/6/4,B,0.9790162176391927,1.0000000000000004,0.9635701780109135
2015/6/4,C,0.9393176537274144,0.9635701780109135,0.9999999999999993
2015/6/5,A,0.9999999999999996,0.9805024673373623,0.946896417261611
2015/6/5,B,0.9805024673373623,1.0000000000000004,0.9669086184762835
2015/6/5,C,0.946896417261611,0.9669086184762835,0.9999999999999996
2015/6/8,A,0.9999999999999997,0.9816408397531776,0.9554773828515823
2015/6/8,B,0.9816408397531776,1.0000000000000002,0.9691931051862073
2015/6/8,C,0.9554773828515823,0.9691931051862073,0.9999999999999998
2015/6/9,A,0.9999999999999994,0.9819518305434406,0.9512179292045281
2015/6/9,B,0.9819518305434406,1.0000000000000002,0.966009194745751
2015/6/9,C,0.9512179292045281,0.966009194745751,0.9999999999999998
2015/6/10,A,0.9999999999999993,0.9843866490267097,0.9723994869700794
2015/6/10,B,0.9843866490267097,1.0000000000000004,0.9753698078746592
2015/6/10,C,0.9723994869700794,0.9753698078746592,1.0000000000000002
2015/6/11,A,0.9999999999999993,0.9855575226616062,0.972303342435605
2015/6/11,B,0.9855575226616062,0.9999999999999999,0.9789748105503507
2015/6/11,C,0.972303342435605,0.9789748105503507,0.9999999999999996
2015/6/12,A,0.9999999999999993,0.9838890398879722,0.9715188624426359
2015/6/12,B,0.9838890398879722,1.000000000000001,0.9811284513538886
2015/6/12,C,0.9715188624426359,0.9811284513538886,1.0000000000000002
2015/6/15,A,0.9999999999999997,0.9832493673015754,0.9722009690247758
2015/6/15,B,0.9832493673015754,1.0000000000000007,0.9847681155360858
2015/6/15,C,0.9722009690247758,0.9847681155360858,0.9999999999999997
2015/6/16,A,0.9999999999999997,0.9840160535355458,0.9701092491470978
2015/6/16,B,0.9840160535355458,1.0000000000000004,0.9843722058305827
2015/6/16,C,0.9701092491470978,0.9843722058305827,0.9999999999999999
2015/6/17,A,0.9999999999999996,0.9825113445520759,0.9705243136147629
2015/6/17,B,0.9825113445520759,0.9999999999999998,0.9815720408510409
2015/6/17,C,0.9705243136147629,0.9815720408510409,0.9999999999999999
2015/6/18,A,0.9999999999999994,0.9823398481885707,0.9691294309461901
2015/6/18,B,0.9823398481885707,1.0000000000000004,0.9811368411096361
2015/6/18,C,0.9691294309461901,0.9811368411096361,1.0000000000000002
2015/6/19,A,0.9999999999999992,0.9821248037114433,0.969031458765392
2015/6/19,B,0.9821248037114433,1.0,0.9811084003369122
2015/6/19,C,0.969031458765392,0.9811084003369122,0.9999999999999997
2015/6/22,A,0.9999999999999997,0.9819279002327238,0.967401324974979
2015/6/22,B,0.9819279002327238,1.0000000000000004,0.9807699786010156
2015/6/22,C,0.967401324974979,0.9807699786010156,0.9999999999999999
2015/6/23,A,0.9999999999999993,0.982078107400435,0.9659303267220657
2015/6/23,B,0.982078107400435,1.0000000000000004,0.9791863949961539
2015/6/23,C,0.9659303267220657,0.9791863949961539,1.0
2015/6/24,A,0.9999999999999998,0.9817796742727974,0.9646629256963052
2015/6/24,B,0.9817796742727974,1.0000000000000004,0.9797977016668982
2015/6/24,C,0.9646629256963052,0.9797977016668982,0.9999999999999999
2015/6/25,A,0.9999999999999994,0.9809241091948986,0.9590678543532785
2015/6/25,B,0.9809241091948986,1.0000000000000007,0.9781303965063239
2015/6/25,C,0.9590678543532785,0.9781303965063239,0.9999999999999996
2015/6/26,A,0.9999999999999993,0.984978987989833,0.9570019533808568
2015/6/26,B,0.984978987989833,1.0000000000000009,0.9726976289655253
2015/6/26,C,0.9570019533808568,0.9726976289655253,0.9999999999999996
2015/6/29,A,0.9999999999999993,0.9829932407834101,0.9509834264659688
2015/6/29,B,0.9829932407834101,1.0000000000000007,0.9684418182621327
2015/6/29,C,0.9509834264659688,0.9684418182621327,1.0
2015/6/30,A,0.9999999999999992,0.9855097312140683,0.9438215585828256
2015/6/30,B,0.9855097312140683,1.000000000000001,0.9718446936038833
2015/6/30,C,0.9438215585828256,0.9718446936038833,0.9999999999999999
2015/7/1,A,0.9999999999999997,0.9874194300214729,0.940793350318927
2015/7/1,B,0.9874194300214729,1.0000000000000009,0.9687362269432096
2015/7/1,C,0.940793350318927,0.9687362269432096,0.9999999999999998
2015/7/2,A,0.9999999999999997,0.9858439705375323,0.937460616991438
2015/7/2,B,0.9858439705375323,1.0000000000000007,0.9673234270828338
2015/7/2,C,0.937460616991438,0.9673234270828338,1.0
2015/7/6,A,0.9999999999999993,0.9837752330763229,0.9385833729290252
2015/7/6,B,0.9837752330763229,1.0000000000000009,0.9693870087130065
2015/7/6,C,0.9385833729290252,0.9693870087130065,1.0
2015/7/7,A,0.9999999999999993,0.9839434030434704,0.9402405067976386
2015/7/7,B,0.9839434030434704,1.0000000000000009,0.9699643967895921
2015/7/7,C,0.9402405067976386,0.9699643967895921,0.9999999999999993
2015/7/8,A,0.9999999999999994,0.987849655396885,0.9494250035126344
2015/7/8,B,0.987849655396885,1.000000000000001,0.9668240969668397
2015/7/8,C,0.9494250035126344,0.9668240969668397,0.9999999999999997
2015/7/9,A,0.9999999999999993,0.9889179828722642,0.9569903653355464
2015/7/9,B,0.9889179828722642,1.000000000000001,0.9691342133374783
2015/7/9,C,0.9569903653355464,0.9691342133374783,0.9999999999999997
2015/7/10,A,0.9999999999999993,0.9863879160120695,0.9570517779346871
2015/7/10,B,0.9863879160120695,1.0000000000000016,0.9686670681001942
2015/7/10,C,0.9570517779346871,0.9686670681001942,0.9999999999999998
2015/7/13,A,0.9999999999999994,0.9872972004986507,0.954214371450264
2015/7/13,B,0.9872972004986507,1.0000000000000016,0.9649187236553662
2015/7/13,C,0.954214371450264,0.9649187236553662,0.999999999999999
2015/7/14,A,0.9999999999999989,0.9854746956724975,0.9527852266887399
2015/7/14,B,0.9854746956724975,1.0000000000000016,0.9635145136394261
2015/7/14,C,0.9527852266887399,0.9635145136394261,0.9999999999999991
2015/7/15,A,0.999999999999999,0.9793518296480459,0.935023648974021
2015/7/15,B,0.9793518296480459,1.000000000000002,0.9537853912068727
2015/7/15,C,0.935023648974021,0.9537853912068727,0.9999999999999987
2015/7/16,A,0.9999999999999989,0.982516429590495,0.9375446637016972
2015/7/16,B,0.982516429590495,1.0000000000000022,0.9575649791568551
2015/7/16,C,0.9375446637016972,0.9575649791568551,0.9999999999999991
2015/7/17,A,0.9999999999999988,0.9834897432465108,0.9462728466083317
2015/7/17,B,0.9834897432465108,1.0000000000000024,0.9586334639633707
2015/7/17,C,0.9462728466083317,0.9586334639633707,0.9999999999999989
2015/7/20,A,0.9999999999999986,0.9836512194851486,0.9476700278515535
2015/7/20,B,0.9836512194851486,1.0000000000000027,0.9584675859850355
2015/7/20,C,0.9476700278515535,0.9584675859850355,0.9999999999999984
2015/7/21,A,0.999999999999999,0.9836506885956168,0.949093407321291
2015/7/21,B,0.9836506885956168,1.0000000000000027,0.9609013332336583
2015/7/21,C,0.949093407321291,0.9609013332336583,0.9999999999999988
2015/7/22,A,0.9999999999999988,0.9820859371515841,0.9571882171320595
2015/7/22,B,0.9820859371515841,1.0000000000000024,0.9705165677390715
2015/7/22,C,0.9571882171320595,0.9705165677390715,0.9999999999999989
2015/7/23,A,0.999999999999999,0.9817524915009093,0.9588908801194246
2015/7/23,B,0.9817524915009093,1.000000000000003,0.9652315003410736
2015/7/23,C,0.9588908801194246,0.9652315003410736,0.999999999999999
2015/7/24,A,0.9999999999999992,0.9845039559575101,0.9640062181629577
2015/7/24,B,0.9845039559575101,1.0000000000000027,0.9693241266101024
2015/7/24,C,0.9640062181629577,0.9693241266101024,0.9999999999999991
2015/7/27,A,0.999999999999999,0.9822004659696216,0.969357984862716
2015/7/27,B,0.9822004659696216,1.0000000000000029,0.9747265787721255
2015/7/27,C,0.969357984862716,0.9747265787721255,0.9999999999999994
2015/7/28,A,0.999999999999999,0.9821111465471283,0.9720057333640459
2015/7/28,B,0.9821111465471283,1.0000000000000027,0.9776938741048959
2015/7/28,C,0.9720057333640459,0.9776938741048959,0.9999999999999993
2015/7/29,A,0.9999999999999986,0.9812250695302467,0.9733883738076647
2015/7/29,B,0.9812250695302467,1.0000000000000036,0.9737278251115902
2015/7/29,C,0.9733883738076647,0.9737278251115902,0.9999999999999996
2015/7/30,A,0.9999999999999992,0.9870693232744068,0.9703199019318527
2015/7/30,B,0.9870693232744068,1.0000000000000027,0.9736513606112721
2015/7/30,C,0.9703199019318527,0.9736513606112721,0.9999999999999993
2015/7/31,A,0.999999999999999,0.9862713793410023,0.9695964037480741
2015/7/31,B,0.9862713793410023,1.0000000000000024,0.9739929069474698
2015/7/31,C,0.9695964037480741,0.9739929069474698,0.9999999999999991
2015/8/3,A,0.9999999999999989,0.9916674032622694,0.9723123746721507
2015/8/3,B,0.9916674032622694,1.0000000000000022,0.9731081397251408
2015/8/3,C,0.9723123746721507,0.9731081397251408,0.9999999999999994
2015/8/4,A,0.9999999999999988,0.9859510353958665,0.9592729900221183
2015/8/4,B,0.9859510353958665,1.0000000000000024,0.9672628008371876
2015/8/4,C,0.9592729900221183,0.9672628008371876,0.9999999999999991
2015/8/5,A,0.9999999999999991,0.987629778144619,0.9620796817129557
2015/8/5,B,0.987629778144619,1.0000000000000024,0.9712989892221716
2015/8/5,C,0.9620796817129557,0.9712989892221716,0.9999999999999991
2015/8/6,A,0.9999999999999994,0.9870451964437771,0.9562616409827125
2015/8/6,B,0.9870451964437771,1.0000000000000024,0.9695640316494073
2015/8/6,C,0.9562616409827125,0.9695640316494073,0.9999999999999994
2015/8/7,A,0.9999999999999994,0.9866166891775888,0.9557996135681053
2015/8/7,B,0.9866166891775888,1.0000000000000027,0.9683139094744238
2015/8/7,C,0.9557996135681053,0.9683139094744238,0.9999999999999994
2015/8/10,A,0.9999999999999994,0.9873295309628246,0.9601255047311033
2015/8/10,B,0.9873295309628246,1.0000000000000022,0.9741768371612269
2015/8/10,C,0.9601255047311033,0.9741768371612269,0.9999999999999997
2015/8/11,A,0.9999999999999993,0.9857276530242471,0.962354962193024
2015/8/11,B,0.9857276530242471,1.0000000000000024,0.9737460307904
2015/8/11,C,0.962354962193024,0.9737460307904,0.9999999999999998
2015/8/12,A,0.999999999999999,0.9849667838596085,0.967653235947314
2015/8/12,B,0.9849667838596085,1.0000000000000022,0.9760743005189046
2015/8/12,C,0.967653235947314,0.9760743005189046,0.9999999999999997
2015/8/13,A,0.9999999999999993,0.9844117238333948,0.9636869957355306
2015/8/13,B,0.9844117238333948,1.0000000000000022,0.9738768090460929
2015/8/13,C,0.9636869957355306,0.9738768090460929,0.9999999999999998
2015/8/14,A,0.9999999999999993,0.9856669944383912,0.9631051368721619
2015/8/14,B,0.9856669944383912,1.0000000000000022,0.9741441351060992
2015/8/14,C,0.9631051368721619,0.9741441351060992,0.9999999999999998
2015/8/17,A,0.9999999999999992,0.9852922971291082,0.9607562305341033
2015/8/17,B,0.9852922971291082,1.0000000000000022,0.9752127105465443
2015/8/17,C,0.9607562305341033,0.9752127105465443,0.9999999999999997
2015/8/18,A,0.9999999999999996,0.9857143354805606,0.9612563218305052
2015/8/18,B,0.9857143354805606,1.0000000000000022,0.9758649052397357
2015/8/18,C,0.9612563218305052,0.9758649052397357,0.9999999999999997
2015/8/19,A,0.9999999999999994,0.9824834626510347,0.9528732688351973
2015/8/19,B,0.9824834626510347,1.0000000000000018,0.97523833299827
2015/8/19,C,0.9528732688351973,0.97523833299827,1.0
2015/8/20,A,0.9999999999999988,0.9821558537369952,0.9512503166539217
2015/8/20,B,0.9821558537369952,1.0000000000000022,0.976451688704937
2015/8/20,C,0.9512503166539217,0.976451688704937,0.9999999999999998
2015/8/21,A,0.9999999999999992,0.980391185021297,0.9480254662619291
2015/8/21,B,0.980391185021297,1.0000000000000024,0.9753222489908964
2015/8/21,C,0.9480254662619291,0.9753222489908964,0.9999999999999998
2015/8/24,A,0.9999999999999992,0.9818934967058424,0.9533066811625681
2015/8/24,B,0.9818934967058424,1.000000000000002,0.9787676205102287
2015/8/24,C,0.9533066811625681,0.9787676205102287,0.9999999999999999
2015/8/25,A,0.9999999999999994,0.9823851020140102,0.9520732093719718
2015/8/25,B,0.9823851020140102,1.000000000000002,0.975444362371424
2015/8/25,C,0.9520732093719718,0.975444362371424,0.9999999999999999
2015/8/26,A,0.9999999999999992,0.9828298031932458,0.952455616407307
2015/8/26,B,0.9828298031932458,1.0000000000000022,0.974492611917304
2015/8/26,C,0.952455616407307,0.974492611917304,0.9999999999999999
2015/8/27,A,0.9999999999999996,0.9790640983036482,0.9489254840980542
2015/8/27,B,0.9790640983036482,1.0000000000000029,0.9775134480626887
2015/8/27,C,0.9489254840980542,0.9775134480626887,1.0
2015/8/28,A,0.9999999999999993,0.9770953770356966,0.9480293925412536
2015/8/28,B,0.9770953770356966,1.0000000000000027,0.9772051263347269
2015/8/28,C,0.9480293925412536,0.9772051263347269,0.9999999999999998
2015/8/31,A,0.9999999999999992,0.9748557714318111,0.9465900277520409
2015/8/31,B,0.9748557714318111,1.0000000000000027,0.9793546081010592
2015/8/31,C,0.9465900277520409,0.9793546081010592,0.9999999999999997
2015/9/1,A,0.9999999999999992,0.9758953628143334,0.9505603048309935
2015/9/1,B,0.9758953628143334,1.0000000000000027,0.9820238961252056
2015/9/1,C,0.9505603048309935,0.9820238961252056,0.9999999999999999
2015/9/2,A,0.9999999999999997,0.9707166334235047,0.9462434329686674
2015/9/2,B,0.9707166334235047,1.0000000000000029,0.9838164647065483
2015/9/2,C,0.9462434329686674,0.9838164647065483,1.0
2015/9/3,A,0.9999999999999996,0.9699625864417311,0.9487224701786283
2015/9/3,B,0.9699625864417311,1.0000000000000027,0.9830793197533348
2015/9/3,C,0.9487224701786283,0.9830793197533348,0.9999999999999996
2015/9/4,A,0.9999999999999997,0.9712523229317376,0.9477310422845341
2015/9/4,B,0.9712523229317376,1.0000000000000027,0.9813871360343492
2015/9/4,C,0.9477310422845341,0.9813871360343492,0.9999999999999999
2015/9/8,A,0.9999999999999993,0.9684815751341229,0.9390188621401252
2015/9/8,B,0.9684815751341229,1.0000000000000033,0.9760286813133449
2015/9/8,C,0.9390188621401252,0.9760286813133449,0.9999999999999998
2015/9/9,A,0.9999999999999994,0.9678898612245451,0.9399557147569936
2015/9/9,B,0.9678898612245451,1.000000000000003,0.9772393971430003
2015/9/9,C,0.9399557147569936,0.9772393971430003,0.9999999999999997
2015/9/10,A,0.9999999999999993,0.9719397800430198,0.9436810661834634
2015/9/10,B,0.9719397800430198,1.000000000000003,0.9771704595913511
2015/9/10,C,0.9436810661834634,0.9771704595913511,0.9999999999999993
2015/9/11,A,0.9999999999999993,0.9734696365632077,0.9480131025102492
2015/9/11,B,0.9734696365632077,1.0000000000000029,0.979438658172653
2015/9/11,C,0.9480131025102492,0.979438658172653,0.9999999999999997
2015/9/14,A,0.9999999999999993,0.9726123724559385,0.9493538581370078
2015/9/14,B,0.9726123724559385,1.0000000000000027,0.977796034942762
2015/9/14,C,0.9493538581370078,0.977796034942762,0.9999999999999997
2015/9/15,A,0.9999999999999991,0.9741372269988561,0.9464917634796697
2015/9/15,B,0.9741372269988561,1.000000000000003,0.9734369145356733
2015/9/15,C,0.9464917634796697,0.9734369145356733,0.9999999999999996
2015/9/16,A,0.9999999999999991,0.9724327899933577,0.9452882695352444
2015/9/16,B,0.9724327899933577,1.0000000000000033,0.9698346251072376
2015/9/16,C,0.9452882695352444,0.9698346251072376,0.9999999999999994
2015/9/17,A,0.9999999999999991,0.9773698343556673,0.9516490629737346
2015/9/17,B,0.9773698343556673,1.000000000000003,0.9696819146987752
2015/9/17,C,0.9516490629737346,0.9696819146987752,0.9999999999999994
2015/9/18,A,0.9999999999999992,0.9771299159932613,0.9506886100377511
2015/9/18,B,0.9771299159932613,1.0000000000000029,0.9689326955985494
2015/9/18,C,0.9506886100377511,0.9689326955985494,0.9999999999999994
2015/9/21,A,0.999999999999999,0.9757480345955836,0.9467744068918005
2015/9/21,B,0.9757480345955836,1.0000000000000033,0.967996952048952
2015/9/21,C,0.9467744068918005,0.967996952048952,0.9999999999999998
2015/9/22,A,0.9999999999999991,0.9674746174733956,0.9434319352713546
2015/9/22,B,0.9674746174733956,1.0000000000000038,0.9699344261276922
2015/9/22,C,0.9434319352713546,0.9699344261276922,0.9999999999999994
2015/9/23,A,0.9999999999999991,0.9640099682503975,0.9344781057202158
2015/9/23,B,0.9640099682503975,1.0000000000000038,0.9672017768469531
2015/9/23,C,0.9344781057202158,0.9672017768469531,0.9999999999999993
2015/9/24,A,0.9999999999999997,0.9701717304228213,0.9438636648786546
2015/9/24,B,0.9701717304228213,1.0000000000000033,0.9723419895736262
2015/9/24,C,0.9438636648786546,0.9723419895736262,0.9999999999999997
2015/9/25,A,0.9999999999999994,0.9701474639305645,0.9419662310837715
2015/9/25,B,0.9701474639305645,1.000000000000003,0.970570653724832
2015/9/25,C,0.9419662310837715,0.970570653724832,0.9999999999999997
2015/9/28,A,0.9999999999999994,0.9707424204444478,0.9360752819495886
2015/9/28,B,0.9707424204444478,1.000000000000003,0.9687574506161681
2015/9/28,C,0.9360752819495886,0.9687574506161681,0.9999999999999997
2015/9/29,A,0.9999999999999994,0.9738267445659565,0.9419297803541015
2015/9/29,B,0.9738267445659565,1.000000000000003,0.9693611006786133
2015/9/29,C,0.9419297803541015,0.9693611006786133,0.9999999999999993
2015/9/30,A,0.9999999999999996,0.9721645860082803,0.9467547322109443
2015/9/30,B,0.9721645860082803,1.0000000000000033,0.9698915724708562
2015/9/30,C,0.9467547322109443,0.9698915724708562,0.9999999999999996
2015/10/1,A,0.9999999999999998,0.9757397589023901,0.9437393534923871
2015/10/1,B,0.9757397589023901,1.0000000000000038,0.967738300874481
2015/10/1,C,0.9437393534923871,0.967738300874481,0.9999999999999992
2015/10/2,A,0.9999999999999994,0.9807806929405287,0.9541295628963471
2015/10/2,B,0.9807806929405287,1.0000000000000024,0.9803321220223166
2015/10/2,C,0.9541295628963471,0.9803321220223166,0.9999999999999994
2015/10/5,A,0.9999999999999998,0.9803806621240717,0.9555071104235281
2015/10/5,B,0.9803806621240717,1.0000000000000024,0.980682037813847
2015/10/5,C,0.9555071104235281,0.980682037813847,0.9999999999999997
2015/10/6,A,1.0,0.9807709791684297,0.9548238963685681
2015/10/6,B,0.9807709791684297,1.0000000000000024,0.9837972330761674
2015/10/6,C,0.9548238963685681,0.9837972330761674,0.9999999999999997
2015/10/7,A,0.9999999999999996,0.9785751981349582,0.9442621759268757
2015/10/7,B,0.9785751981349582,1.0000000000000029,0.9711402470598797
2015/10/7,C,0.9442621759268757,0.9711402470598797,0.9999999999999993
2015/10/8,A,0.9999999999999996,0.9783848508166436,0.9441509793207814
2015/10/8,B,0.9783848508166436,1.0000000000000029,0.9718754107540793
2015/10/8,C,0.9441509793207814,0.9718754107540793,0.9999999999999991
2015/10/9,A,0.9999999999999993,0.9793072749369232,0.9498381494636869
2015/10/9,B,0.9793072749369232,1.0000000000000027,0.9762249814490785
2015/10/9,C,0.9498381494636869,0.9762249814490785,0.9999999999999992
2015/10/12,A,0.9999999999999998,0.9772055906185835,0.9455528478255889
2015/10/12,B,0.9772055906185835,1.0000000000000027,0.9748770124001412
2015/10/12,C,0.9455528478255889,0.9748770124001412,0.9999999999999991
2015/10/13,A,0.9999999999999992,0.9683026493322137,0.9503733607763051
2015/10/13,B,0.9683026493322137,1.0000000000000029,0.9785561794780223
2015/10/13,C,0.9503733607763051,0.9785561794780223,0.9999999999999993
2015/10/14,A,0.9999999999999992,0.9715271406179986,0.9519705363669502
2015/10/14,B,0.9715271406179986,1.0000000000000022,0.9816303102390737
2015/10/14,C,0.9519705363669502,0.9816303102390737,0.9999999999999994
2015/10/15,A,0.9999999999999994,0.9785812756942972,0.9642703206271049
2015/10/15,B,0.9785812756942972,1.0000000000000013,0.9872600082984997
2015/10/15,C,0.9642703206271049,0.9872600082984997,0.9999999999999994
2015/10/16,A,0.9999999999999993,0.9807254312076897,0.968281210216794
2015/10/16,B,0.9807254312076897,1.0000000000000013,0.9885472090959475
2015/10/16,C,0.968281210216794,0.9885472090959475,0.9999999999999998
2015/10/19,A,0.9999999999999993,0.9810139877080629,0.9680783627593611
2015/10/19,B,0.9810139877080629,1.000000000000001,0.9865432731541277
2015/10/19,C,0.9680783627593611,0.9865432731541277,0.9999999999999998
2015/10/20,A,0.9999999999999993,0.9830777124770362,0.9656082138603016
2015/10/20,B,0.9830777124770362,1.000000000000001,0.981128697013128
2015/10/20,C,0.9656082138603016,0.981128697013128,0.9999999999999998
2015/10/21,A,0.9999999999999993,0.9852763643129215,0.9682117614356305
2015/10/21,B,0.9852763643129215,1.0000000000000009,0.9791905951369909
2015/10/21,C,0.9682117614356305,0.9791905951369909,0.9999999999999998
2015/10/22,A,0.9999999999999992,0.9817647881458399,0.9623742409426269
2015/10/22,B,0.9817647881458399,1.000000000000001,0.9754001826929798
2015/10/22,C,0.9623742409426269,0.9754001826929798,0.9999999999999997
2015/10/23,A,0.9999999999999992,0.9823051388336161,0.964529543090491
2015/10/23,B,0.9823051388336161,1.0000000000000009,0.9760043644032101
2015/10/23,C,0.964529543090491,0.9760043644032101,1.0
2015/10/26,A,0.9999999999999989,0.9833214968143358,0.9717636928324629
2015/10/26,B,0.9833214968143358,1.0000000000000009,0.9783964747407279
2015/10/26,C,0.9717636928324629,0.9783964747407279,0.9999999999999996
2015/10/27,A,0.9999999999999986,0.9819564519450269,0.9700248947453061
2015/10/27,B,0.9819564519450269,1.0000000000000009,0.9773543836185644
2015/10/27,C,0.9700248947453061,0.9773543836185644,0.9999999999999996
2015/10/28,A,0.9999999999999987,0.9836885454223379,0.9713953718713838
2015/10/28,B,0.9836885454223379,1.0000000000000009,0.9788899096701923
2015/10/28,C,0.9713953718713838,0.9788899096701923,0.9999999999999999
2015/10/29,A,0.9999999999999988,0.9814710731917298,0.9708177805026911
2015/10/29,B,0.9814710731917298,1.0000000000000007,0.9772623712439612
2015/10/29,C,0.9708177805026911,0.9772623712439612,0.9999999999999996
2015/10/30,A,0.9999999999999992,0.9788705658047746,0.9677529555735626
2015/10/30,B,0.9788705658047746,1.0000000000000007,0.9727774853621229
2015/10/30,C,0.9677529555735626,0.9727774853621229,0.9999999999999997
2015/11/2,A,0.9999999999999984,0.9756082863895924,0.9665031647216084
2015/11/2,B,0.9756082863895924,1.0000000000000007,0.9716761173346199
2015/11/2,C,0.9665031647216084,0.9716761173346199,0.9999999999999993
2015/11/3,A,0.9999999999999984,0.9762944208298864,0.9659154404637991
2015/11/3,B,0.9762944208298864,1.0000000000000009,0.9722837982509993
2015/11/3,C,0.9659154404637991,0.9722837982509993,0.9999999999999997
2015/11/4,A,0.999999999999998,0.9765338282264983,0.9687034255826024
2015/11/4,B,0.9765338282264983,1.0000000000000007,0.9792765992867997
2015/11/4,C,0.9687034255826024,0.9792765992867997,0.9999999999999998
2015/11/5,A,0.9999999999999978,0.976859202793969,0.9702471698881402
2015/11/5,B,0.976859202793969,1.0000000000000004,0.9773913397813931
